46C6D748-B8E0-4986-9EF5-875C75D327A9#appfire#App Server Memory Usage#appfire##appfire##appfire#[]#appfire#{"headerGroup":[{"text":"server_Ip_Address","fieldCol":true,"name":"server_Ip_Address"},{"text":"scheduled_DateTime","fieldCol":true,"name":"scheduled_DateTime"},{"text":"JVM Memory","fieldCol":false,"name":"","columns":[{"text":"used_Memory","fieldCol":true,"name":"used_Memory"},{"text":"free_Memory","fieldCol":true,"name":"free_Memory"},{"text":"total_Memory","fieldCol":true,"name":"total_Memory"}]},{"text":"Physical Memory","fieldCol":false,"name":"","columns":[{"text":"used_Physical_Memory","fieldCol":true,"name":"used_Physical_Memory"},{"text":"free_Physical_Size","fieldCol":true,"name":"free_Physical_Size"},{"text":"total_Physical_Memory_Size","fieldCol":true,"name":"total_Physical_Memory_Size"}]},{"text":"Swap Space","fieldCol":false,"name":"","columns":[{"text":"used_Swap_Size","fieldCol":true,"name":"used_Swap_Size"},{"text":"free_Swap_Size","fieldCol":true,"name":"free_Swap_Size"},{"text":"total_Swap_Size","fieldCol":true,"name":"total_Swap_Size"}]},{"text":"Heap Info","fieldCol":false,"name":"","columns":[{"text":"heap_Used","fieldCol":true,"name":"heap_Used"},{"text":"non_Heap_used","fieldCol":true,"name":"non_Heap_used"},{"text":"non_Heap_Committed","fieldCol":true,"name":"non_Heap_Committed"},{"text":"heap_Committed","fieldCol":true,"name":"heap_Committed"}]},{"text":"Java Class Info.","fieldCol":false,"name":"","columns":[{"text":"class_Loaded","fieldCol":true,"name":"class_Loaded"},{"text":"class_Unloaded","fieldCol":true,"name":"class_Unloaded"},{"text":"total_Class","fieldCol":true,"name":"total_Class"}]},{"text":"Thread Info.","fieldCol":false,"name":"","columns":[{"text":"total_Thread","fieldCol":true,"name":"total_Thread"},{"text":"thread_Peak_Count","fieldCol":true,"name":"thread_Peak_Count"},{"text":"thread_Started_Count","fieldCol":true,"name":"thread_Started_Count"},{"text":"thread_Daemon_Count","fieldCol":true,"name":"thread_Daemon_Count"},{"text":"thread_User_Time","fieldCol":true,"name":"thread_User_Time"}]},{"text":"CPU Info.","fieldCol":false,"name":"","columns":[{"text":"cpu_Time","fieldCol":true,"name":"cpu_Time"},{"text":"cpu_Load_Time","fieldCol":true,"name":"cpu_Load_Time"},{"text":"cpu_Load","fieldCol":true,"name":"cpu_Load"},{"text":"thread_Cpu_Time","fieldCol":true,"name":"thread_Cpu_Time"}]},{"text":"GC Info.","fieldCol":false,"name":"","columns":[{"text":"gc_Collection_Time","fieldCol":true,"name":"gc_Collection_Time"},{"text":"gc_Memory_Name","fieldCol":true,"name":"gc_Memory_Name"}]},{"text":"max_Memory","fieldCol":true,"name":"max_Memory"},{"text":"start_Time","fieldCol":true,"name":"start_Time"},{"text":"up_Time","fieldCol":true,"name":"up_Time"},{"text":"system_Load_Average","fieldCol":true,"name":"system_Load_Average"},{"text":"available_Processor","fieldCol":true,"name":"available_Processor"},{"text":"server_Instance_Id","fieldCol":true,"name":"server_Instance_Id"},{"text":"monitor_id","name":"monitor_id"}],"gridConfig":[{"fieldName":"monitor_id","name":"monitor_id","initParentAlias":"zenHealth","alias":"zenHealth.monitor_id","displayName":"monitor_id","fieldType":"java.lang.Integer","dataType":"INT","xtype":"numberfield","fieldSize":"11","isPKey":true,"fieldVisible":false,"isSortable":"","fieldWidth":100,"alignment":"Right Align","lock":false,"summaryGroup":false,"summaryAgg":"","summaryCaption":""},{"fieldName":"scheduled_DateTime","name":"scheduled_DateTime","initParentAlias":"zenHealth","alias":"zenHealth.scheduled_DateTime","displayName":"Date","fieldType":"java.sql.Timestamp","dataType":"DATETIME","xtype":"datefield","fieldSize":"","isPKey":false,"fieldVisible":true,"isSortable":"","fieldWidth":300,"alignment":"Left Align","lock":false,"summaryGroup":false,"summaryAgg":"","summaryCaption":""},{"fieldName":"server_Instance_Id","name":"server_Instance_Id","initParentAlias":"zenHealth","alias":"zenHealth.server_Instance_Id","displayName":"Instance Id","fieldType":"java.lang.Integer","dataType":"INT","xtype":"numberfield","fieldSize":"32","isPKey":false,"fieldVisible":false,"isSortable":"","fieldWidth":100,"alignment":"Right Align","lock":false,"summaryGroup":false,"summaryAgg":"","summaryCaption":""},{"fieldName":"server_Ip_Address","name":"server_Ip_Address","initParentAlias":"zenHealth","alias":"zenHealth.server_Ip_Address","displayName":"IP Address","fieldType":"java.lang.String","dataType":"VARCHAR","xtype":"textfield","fieldSize":"3","isPKey":false,"fieldVisible":true,"isSortable":"","fieldWidth":100,"alignment":"Left Align","lock":false,"summaryGroup":false,"summaryAgg":"","summaryCaption":""},{"fieldName":"total_Class","name":"total_Class","initParentAlias":"zenHealth","alias":"zenHealth.total_Class","displayName":"Total","fieldType":"java.lang.Integer","dataType":"INT","xtype":"textfield","fieldSize":"11","isPKey":false,"fieldVisible":true,"isSortable":"","fieldWidth":100,"alignment":"Right Align","lock":false,"summaryGroup":false,"summaryAgg":"","summaryCaption":""},{"fieldName":"class_Loaded","name":"class_Loaded","initParentAlias":"zenHealth","alias":"zenHealth.class_Loaded","displayName":"Loaded","fieldType":"java.lang.Integer","dataType":"INT","xtype":"textfield","fieldSize":"11","isPKey":false,"fieldVisible":true,"isSortable":"","fieldWidth":100,"alignment":"Right Align","lock":false,"summaryGroup":false,"summaryAgg":"","summaryCaption":""},{"fieldName":"class_Unloaded","name":"class_Unloaded","initParentAlias":"zenHealth","alias":"zenHealth.class_Unloaded","displayName":"UnLoaded","fieldType":"java.lang.Integer","dataType":"INT","xtype":"combo","fieldSize":"11","isPKey":false,"fieldVisible":true,"isSortable":"","fieldWidth":100,"alignment":"Right Align","lock":false,"summaryGroup":false,"summaryAgg":"","summaryCaption":""},{"fieldName":"gc_Collection_Time","name":"gc_Collection_Time","initParentAlias":"zenHealth","alias":"zenHealth.gc_Collection_Time","displayName":"GC Collection Time","fieldType":"java.lang.Integer","dataType":"INT","xtype":"numberfield","fieldSize":"11","isPKey":false,"fieldVisible":true,"isSortable":"","fieldWidth":150,"alignment":"Right Align","lock":false,"summaryGroup":false,"summaryAgg":"","summaryCaption":""},{"fieldName":"gc_Memory_Name","name":"gc_Memory_Name","initParentAlias":"zenHealth","alias":"zenHealth.gc_Memory_Name","displayName":"GC Memory Name","fieldType":"java.lang.String","dataType":"VARCHAR","xtype":"textfield","fieldSize":"256","isPKey":false,"fieldVisible":true,"isSortable":"","fieldWidth":170,"alignment":"Left Align","lock":false,"summaryGroup":false,"summaryAgg":"","summaryCaption":""},{"fieldName":"non_Heap_Committed","name":"non_Heap_Committed","initParentAlias":"zenHealth","alias":"zenHealth.non_Heap_Committed","displayName":"Non Heap Commited(MB)","fieldType":"java.lang.Double","dataType":"DOUBLE","xtype":"numberfield","fieldSize":"","isPKey":false,"fieldVisible":true,"isSortable":"","fieldWidth":170,"alignment":"Right Align","lock":false,"summaryGroup":false,"summaryAgg":"","summaryCaption":""},{"fieldName":"non_Heap_used","name":"non_Heap_used","initParentAlias":"zenHealth","alias":"zenHealth.non_Heap_used","displayName":"Non Heap Used(MB)","fieldType":"java.lang.Double","dataType":"DOUBLE","xtype":"numberfield","fieldSize":"","isPKey":false,"fieldVisible":true,"isSortable":"","fieldWidth":170,"alignment":"Right Align","lock":false,"summaryGroup":false,"summaryAgg":"","summaryCaption":""},{"fieldName":"heap_Committed","name":"heap_Committed","initParentAlias":"zenHealth","alias":"zenHealth.heap_Committed","displayName":"Heap Commited","fieldType":"java.lang.Double","dataType":"DOUBLE","xtype":"numberfield","fieldSize":"","isPKey":false,"fieldVisible":true,"isSortable":"","fieldWidth":170,"alignment":"Right Align","lock":false,"summaryGroup":false,"summaryAgg":"","summaryCaption":""},{"fieldName":"max_Memory","name":"max_Memory","initParentAlias":"zenHealth","alias":"zenHealth.max_Memory","displayName":"Max Memory Alloc.(MB)","fieldType":"java.lang.Double","dataType":"DOUBLE","xtype":"numberfield","fieldSize":"","isPKey":false,"fieldVisible":true,"isSortable":"","fieldWidth":170,"alignment":"Right Align","lock":false,"summaryGroup":false,"summaryAgg":"","summaryCaption":""},{"fieldName":"free_Memory","name":"free_Memory","initParentAlias":"zenHealth","alias":"zenHealth.free_Memory","displayName":"Free(%)","fieldType":"java.lang.Double","dataType":"DOUBLE","xtype":"numberfield","fieldSize":"","isPKey":false,"fieldVisible":true,"isSortable":"","fieldWidth":100,"alignment":"Right Align","lock":false,"summaryGroup":false,"summaryAgg":"","summaryCaption":""},{"fieldName":"heap_Used","name":"heap_Used","initParentAlias":"zenHealth","alias":"zenHealth.heap_Used","displayName":"Heap Used(MB)","fieldType":"java.lang.Double","dataType":"DOUBLE","xtype":"numberfield","fieldSize":"","isPKey":false,"fieldVisible":true,"isSortable":"","fieldWidth":100,"alignment":"Right Align","lock":false,"summaryGroup":false,"summaryAgg":"","summaryCaption":""},{"fieldName":"total_Memory","name":"total_Memory","initParentAlias":"zenHealth","alias":"zenHealth.total_Memory","displayName":"Total(MB)","fieldType":"java.lang.Double","dataType":"DOUBLE","xtype":"numberfield","fieldSize":"","isPKey":false,"fieldVisible":true,"isSortable":"","fieldWidth":100,"alignment":"Right Align","lock":false,"summaryGroup":false,"summaryAgg":"","summaryCaption":""},{"fieldName":"start_Time","name":"start_Time","initParentAlias":"zenHealth","alias":"zenHealth.start_Time","displayName":"Start Time","fieldType":"java.sql.Timestamp","dataType":"DATETIME","xtype":"datefield","fieldSize":"","isPKey":false,"fieldVisible":true,"isSortable":"","fieldWidth":200,"alignment":"Right Align","lock":false,"summaryGroup":false,"summaryAgg":"","summaryCaption":""},{"fieldName":"up_Time","name":"up_Time","initParentAlias":"zenHealth","alias":"zenHealth.up_Time","displayName":"Up Time","fieldType":"java.lang.Integer","dataType":"INT","xtype":"numberfield","fieldSize":"11","isPKey":false,"fieldVisible":true,"isSortable":"","fieldWidth":100,"alignment":"Right Align","lock":false,"summaryGroup":false,"summaryAgg":"","summaryCaption":""},{"fieldName":"cpu_Time","name":"cpu_Time","initParentAlias":"zenHealth","alias":"zenHealth.cpu_Time","displayName":"CPU Time","fieldType":"java.lang.Double","dataType":"DOUBLE","xtype":"numberfield","fieldSize":"","isPKey":false,"fieldVisible":true,"isSortable":"","fieldWidth":100,"alignment":"Right Align","lock":false,"summaryGroup":false,"summaryAgg":"","summaryCaption":""},{"fieldName":"free_Physical_Size","name":"free_Physical_Size","initParentAlias":"zenHealth","alias":"zenHealth.free_Physical_Size","displayName":"Free(MB)","fieldType":"java.lang.Double","dataType":"DOUBLE","xtype":"numberfield","fieldSize":"","isPKey":false,"fieldVisible":true,"isSortable":"","fieldWidth":100,"alignment":"Right Align","lock":false,"summaryGroup":false,"summaryAgg":"","summaryCaption":""},{"fieldName":"total_Physical_Memory_Size","name":"total_Physical_Memory_Size","initParentAlias":"zenHealth","alias":"zenHealth.total_Physical_Memory_Size","displayName":"Total(MB)","fieldType":"java.lang.Double","dataType":"DOUBLE","xtype":"numberfield","fieldSize":"","isPKey":false,"fieldVisible":true,"isSortable":"","fieldWidth":100,"alignment":"Right Align","lock":false,"summaryGroup":false,"summaryAgg":"","summaryCaption":""},{"fieldName":"cpu_Load_Time","name":"cpu_Load_Time","initParentAlias":"zenHealth","alias":"zenHealth.cpu_Load_Time","displayName":"CPU Load Time","fieldType":"java.lang.Double","dataType":"DOUBLE","xtype":"numberfield","fieldSize":"","isPKey":false,"fieldVisible":true,"isSortable":"","fieldWidth":150,"alignment":"Right Align","lock":false,"summaryGroup":false,"summaryAgg":"","summaryCaption":""},{"fieldName":"free_Swap_Size","name":"free_Swap_Size","initParentAlias":"zenHealth","alias":"zenHealth.free_Swap_Size","displayName":"Free(MB)","fieldType":"java.lang.Double","dataType":"DOUBLE","xtype":"numberfield","fieldSize":"","isPKey":false,"fieldVisible":true,"isSortable":"","fieldWidth":100,"alignment":"Right Align","lock":false,"summaryGroup":false,"summaryAgg":"","summaryCaption":""},{"fieldName":"system_Load_Average","name":"system_Load_Average","initParentAlias":"zenHealth","alias":"zenHealth.system_Load_Average","displayName":"System Load AVerage","fieldType":"java.lang.Double","dataType":"DOUBLE","xtype":"numberfield","fieldSize":"","isPKey":false,"fieldVisible":true,"isSortable":"","fieldWidth":200,"alignment":"Right Align","lock":false,"summaryGroup":false,"summaryAgg":"","summaryCaption":""},{"fieldName":"total_Swap_Size","name":"total_Swap_Size","initParentAlias":"zenHealth","alias":"zenHealth.total_Swap_Size","displayName":"Total(MB)","fieldType":"java.lang.Double","dataType":"DOUBLE","xtype":"numberfield","fieldSize":"","isPKey":false,"fieldVisible":true,"isSortable":"","fieldWidth":100,"alignment":"Right Align","lock":false,"summaryGroup":false,"summaryAgg":"","summaryCaption":""},{"fieldName":"available_Processor","name":"available_Processor","initParentAlias":"zenHealth","alias":"zenHealth.available_Processor","displayName":"Available Processor","fieldType":"java.lang.Double","dataType":"DOUBLE","xtype":"numberfield","fieldSize":"","isPKey":false,"fieldVisible":true,"isSortable":"","fieldWidth":100,"alignment":"Right Align","lock":false,"summaryGroup":false,"summaryAgg":"","summaryCaption":""},{"fieldName":"total_Thread","name":"total_Thread","initParentAlias":"zenHealth","alias":"zenHealth.total_Thread","displayName":"Total Thread","fieldType":"java.lang.Double","dataType":"DOUBLE","xtype":"numberfield","fieldSize":"","isPKey":false,"fieldVisible":true,"isSortable":"","fieldWidth":120,"alignment":"Right Align","lock":false,"summaryGroup":false,"summaryAgg":"","summaryCaption":""},{"fieldName":"thread_Peak_Count","name":"thread_Peak_Count","initParentAlias":"zenHealth","alias":"zenHealth.thread_Peak_Count","displayName":"Peak Thread","fieldType":"java.lang.Double","dataType":"DOUBLE","xtype":"numberfield","fieldSize":"","isPKey":false,"fieldVisible":true,"isSortable":"","fieldWidth":120,"alignment":"Right Align","lock":false,"summaryGroup":false,"summaryAgg":"","summaryCaption":""},{"fieldName":"thread_Started_Count","name":"thread_Started_Count","initParentAlias":"zenHealth","alias":"zenHealth.thread_Started_Count","displayName":"Started Thread","fieldType":"java.lang.Double","dataType":"DOUBLE","xtype":"numberfield","fieldSize":"","isPKey":false,"fieldVisible":true,"isSortable":"","fieldWidth":120,"alignment":"Right Align","lock":false,"summaryGroup":false,"summaryAgg":"","summaryCaption":""},{"fieldName":"thread_Daemon_Count","name":"thread_Daemon_Count","initParentAlias":"zenHealth","alias":"zenHealth.thread_Daemon_Count","displayName":"Daemon Thread","fieldType":"java.lang.Double","dataType":"DOUBLE","xtype":"numberfield","fieldSize":"","isPKey":false,"fieldVisible":true,"isSortable":"","fieldWidth":120,"alignment":"Right Align","lock":false,"summaryGroup":false,"summaryAgg":"","summaryCaption":""},{"fieldName":"thread_Cpu_Time","name":"thread_Cpu_Time","initParentAlias":"zenHealth","alias":"zenHealth.thread_Cpu_Time","displayName":"Thread CPU Time","fieldType":"java.lang.Double","dataType":"DOUBLE","xtype":"numberfield","fieldSize":"","isPKey":false,"fieldVisible":true,"isSortable":"","fieldWidth":170,"alignment":"Right Align","lock":false,"summaryGroup":false,"summaryAgg":"","summaryCaption":""},{"fieldName":"thread_User_Time","name":"thread_User_Time","initParentAlias":"zenHealth","alias":"zenHealth.thread_User_Time","displayName":"Thread User Time","fieldType":"java.lang.String","dataType":"VARCHAR","xtype":"textfield","fieldSize":"256","isPKey":false,"fieldVisible":true,"isSortable":"","fieldWidth":170,"alignment":"Left Align","lock":false,"summaryGroup":false,"summaryAgg":"","summaryCaption":""},{"fieldName":"cpu_Load","name":"cpu_Load","initParentAlias":"zenHealth","alias":"zenHealth.cpu_Load","displayName":"CPU Load","fieldType":"java.lang.Double","dataType":"DOUBLE","xtype":"numberfield","fieldSize":"","isPKey":false,"fieldVisible":true,"isSortable":"","fieldWidth":100,"alignment":"Right Align","lock":false,"summaryGroup":false,"summaryAgg":"","summaryCaption":""},{"fieldName":"used_Memory","name":"used_Memory","initParentAlias":"zenHealth","alias":"zenHealth.used_Memory","displayName":"Used(%)","fieldType":"java.lang.Double","dataType":"DOUBLE","xtype":"numberfield","fieldSize":"","isPKey":false,"fieldVisible":true,"isSortable":"","fieldWidth":100,"alignment":"Right Align","lock":false,"summaryGroup":false,"summaryAgg":"","summaryCaption":""},{"fieldName":"used_Swap_Size","name":"used_Swap_Size","initParentAlias":"zenHealth","alias":"zenHealth.used_Swap_Size","displayName":"Used(MB)","fieldType":"java.lang.Double","dataType":"DOUBLE","xtype":"numberfield","fieldSize":"","isPKey":false,"fieldVisible":true,"isSortable":"","fieldWidth":100,"alignment":"Right Align","lock":false,"summaryGroup":false,"summaryAgg":"","summaryCaption":""},{"fieldName":"used_Physical_Memory","name":"used_Physical_Memory","initParentAlias":"zenHealth","alias":"zenHealth.used_Physical_Memory","displayName":"Used(MB)","fieldType":"java.lang.Double","dataType":"DOUBLE","xtype":"numberfield","fieldSize":"","isPKey":false,"fieldVisible":true,"isSortable":"","fieldWidth":100,"alignment":"Right Align","lock":false,"summaryGroup":false,"summaryAgg":"","summaryCaption":""}]}#appfire#[{"chartType":"angulargauge","chartTitle":"CPU Memory","chartId":"234","chartJson":{"type":"angulargauge","height":250,"width":350,"dataSource":{"chart":{"palette":"3","bgColor":"FFFFFF","caption":"","captionFontSize":"15","subCaption":"JVM Memory Usage(%)","subCaptionFontSize":"11","captionAlignment":"center","captionFont":"Arial","subCaptionFont":"Calibri","captionFontColor":"#000000","subCaptionFontColor":"#000000","captionFontBold":true,"subCaptionFontBold":true,"yAxisName":"Units","showValues":true,"legendBorderAlpha":"0","showBorder":false,"captionOnTop":true},"colorrange":{"color":[{"minvalue":"0","maxvalue":"45"},{"minvalue":"45","maxvalue":"75"},{"minvalue":"75","maxvalue":"100"}]},"dials":{"dial":[{"value":"62","rearextension":"1","radius":"100","bgcolor":"333333","bordercolor":"333333","basewidth":"8"}]},"data":[]},"chartId":"234","javaClass":"com.athena.report.utils.ChartGaugeJSONConverter","chartTitle":"CPU Memory","value":"used_Memory","aggregate":"","dataType":0,"criteria":"Max","criteriaColumn":"scheduled_DateTime","groupByCol":""}},{"chartType":"pie2d","chartTitle":"Physical memory","chartId":"19","chartJson":{"type":"pie2d","height":250,"width":350,"dataSource":{"chart":{"caption":"","captionFontSize":"15","subCaption":"Physical Memory Usage(MB)","subCaptionFontSize":"11","captionAlignment":"center","captionFont":"Arial","subCaptionFont":"Calibri","captionFontColor":"#000000","subCaptionFontColor":"#000000","captionFontBold":true,"subCaptionFontBold":true,"alignCaptionWithCanvas":true,"captionHorizontalPadding":"3","showPercent":false,"defaultcenterlabel":"Label","startingangle":"120","showLegend":true,"legendItemFontBold":true,"legendItemFont":"Arial","legendItemFontSize":"12","legendItemFontColor":"#000000","legendPosition":"bottom","legendCaptionAlignment":"center","legendCaptionBold":true,"legendCaptionFont":"Arial","legendCaptionFontSize":"10","legendCaptionFontColor":"#000000","legendItemHiddenColor":"#FFFFFF","legendIconScale":"2","legendBgColor":"#FFFFFF","legendBorderColor":"#000000","legendBorderThickness":"2","legendShadow":false,"legendAllowDrag":true,"legendScrollBgColor":"#FFFFFF","reverseLegend":false,"interactiveLegend":true,"plotTooltext":"$label, $datavalue(MB)","theme":"ocean","canvasBgColor":"#FFFFFF","canvasBorderAlpha":"0","bgColor":"#FFFFFF","showBorder":false,"enableSmartLabels":0,"formatNumberScale":0},"data":[]},"chartId":"19","javaClass":"com.athena.report.utils.ChartLabelValueJSONConverter","chartTitle":"Physical memory","label":["used_Physical_Memory","free_Physical_Size"],"value":"","aggregate":"","dataType":1,"criteria":"Max","criteriaColumn":"scheduled_DateTime","groupByCol":""}},{"chartType":"pie2d","chartTitle":"Swap Size","chartId":"19","chartJson":{"type":"pie2d","height":250,"width":350,"dataSource":{"chart":{"caption":"","captionFontSize":"15","subCaption":"Swap Space Usage(MB)","subCaptionFontSize":"11","captionAlignment":"center","captionFont":"Arial","subCaptionFont":"Calibri","captionFontColor":"#000000","subCaptionFontColor":"#000000","captionFontBold":true,"subCaptionFontBold":true,"alignCaptionWithCanvas":true,"captionHorizontalPadding":"3","showPercent":true,"defaultcenterlabel":"Label","startingangle":120,"showLegend":true,"legendItemFontBold":true,"legendItemFont":"Arial","legendItemFontSize":"12","legendItemFontColor":"#000000","legendPosition":"bottom","legendCaptionAlignment":"center","legendCaptionBold":true,"legendCaptionFont":"Arial","legendCaptionFontSize":"10","legendCaptionFontColor":"#000000","legendItemHiddenColor":"#FFFFFF","legendIconScale":"2","legendBgColor":"#FFFFFF","legendBorderColor":"#000000","legendBorderThickness":"2","legendShadow":false,"legendAllowDrag":true,"legendScrollBgColor":"#FFFFFF","reverseLegend":false,"interactiveLegend":true,"plotTooltext":"$label , $datavalue(MB)","theme":"ocean","canvasBgColor":"#FFFFFF","canvasBorderAlpha":"0","bgColor":"#FFFFFF","showBorder":false,"enableSmartLabels":0,"formatNumberScale":0,"numberSuffix":"","showPercentageInLabel":0},"data":[]},"chartId":"19","javaClass":"com.athena.report.utils.ChartLabelValueJSONConverter","chartTitle":"Swap Size","label":["free_Swap_Size","used_Swap_Size"],"value":"","aggregate":"","dataType":1,"criteria":"Max","criteriaColumn":"scheduled_DateTime","groupByCol":""}},{"chartType":"pie2d","chartTitle":"total Class","chartId":"19","chartJson":{"type":"pie2d","height":250,"width":350,"dataSource":{"chart":{"caption":"","captionFontSize":"15","subCaption":"Java Class Info.","subCaptionFontSize":"11","captionAlignment":"center","captionFont":"Arial","subCaptionFont":"Calibri","captionFontColor":"#000000","subCaptionFontColor":"#000000","captionFontBold":true,"subCaptionFontBold":true,"alignCaptionWithCanvas":true,"captionHorizontalPadding":"3","showPercent":true,"defaultcenterlabel":"Label","startingangle":"120","showLegend":true,"legendItemFontBold":true,"legendItemFont":"Arial","legendItemFontSize":"12","legendItemFontColor":"#000000","legendPosition":"bottom","legendCaptionAlignment":"center","legendCaptionBold":true,"legendCaptionFont":"Arial","legendCaptionFontSize":"10","legendCaptionFontColor":"#000000","legendItemHiddenColor":"#FFFFFF","legendIconScale":"2","legendBgColor":"#FFFFFF","legendBorderColor":"#000000","legendBorderThickness":"2","legendShadow":false,"legendAllowDrag":true,"legendScrollBgColor":"#FFFFFF","reverseLegend":false,"interactiveLegend":true,"plotTooltext":" $label,$datavalue","theme":"fint","canvasBgColor":"#FFFFFF","canvasBorderAlpha":"0","bgColor":"#FFFFFF","showBorder":false,"enableSmartLabels":0,"formatNumberScale":0,"numberSuffix":"","showPercentageInLabel":0},"data":[]},"chartId":"19","javaClass":"com.athena.report.utils.ChartLabelValueJSONConverter","chartTitle":"total Class","label":["class_Loaded","class_Unloaded"],"value":"","aggregate":"","dataType":1,"criteria":"Max","criteriaColumn":"scheduled_DateTime","groupByCol":""}}]#appfire#{"drillDownGrid":[],"qcContext":0}#appfire#[{"dfieldName":"total_Memory","dValueField":null,"aggregate":"Sum","label":"JVM Total Memory(MB)","displayName":"total_Memory","isGroupBy":false,"type":"Data","criteria":"Max","criteriaColumn":"scheduled_DateTime"},{"dfieldName":"total_Physical_Memory_Size","dValueField":null,"aggregate":"Sum","label":"Physical Memory(MB)","displayName":"total_Physical_Memory_Size","isGroupBy":false,"type":"Data","criteria":"Max","criteriaColumn":"scheduled_DateTime"},{"dfieldName":"total_Swap_Size","dValueField":null,"aggregate":"Sum","label":"Total Swap Space(MB)","displayName":"total_Swap_Size","isGroupBy":false,"type":"Data","criteria":"Max","criteriaColumn":"scheduled_DateTime"},{"dfieldName":"heap_Used","dValueField":null,"aggregate":"Sum","label":"Heap Used(MB)","displayName":"heap_Used","isGroupBy":false,"type":"Data","criteria":"Max","criteriaColumn":"scheduled_DateTime"},{"dfieldName":"non_Heap_used","dValueField":null,"aggregate":"Sum","label":"Non Heap Used(MB)","displayName":"non_Heap_used","isGroupBy":false,"type":"Data","criteria":"Max","criteriaColumn":"non_Heap_used"},{"dfieldName":"total_Class","dValueField":null,"aggregate":"Sum","label":"Total Class Running","displayName":"total_Class","isGroupBy":false,"type":"Data","criteria":"Max","criteriaColumn":"scheduled_DateTime"},{"dfieldName":"total_Thread","dValueField":null,"aggregate":"Sum","label":"Total Thread","displayName":"Total Thread","isGroupBy":false,"type":"Data","criteria":"Max","criteriaColumn":"scheduled_DateTime"}]#appfire#18D01ABF-F632-496A-B379-FC50EDEAB8C0#appfire#2016-01-20#appfire#18D01ABF-F632-496A-B379-FC50EDEAB8C0#appfire#2016-01-20#appfire#1WZWHUGVRU305C4VRU9WA#appfire#1#appfire#ba9dced8-453e-49a3-b627-d497a1f91b17#appfire#1#appfire#1#appfire#{"queryJson":{"inputParams":[],"where":[],"fields":[{"initParentAlias":"zenHealth","dataType":"INT","fieldSize":"11","alias":"zenHealth.monitor_id","fieldType":"java.lang.Integer","xtype":"numberfield","name":"monitor_id","isPKey":true,"displayName":"monitor_id","fieldName":"monitor_id"},{"initParentAlias":"zenHealth","dataType":"DATETIME","fieldSize":"","alias":"zenHealth.scheduled_DateTime","fieldType":"java.sql.Timestamp","xtype":"datefield","name":"scheduled_DateTime","isPKey":false,"displayName":"scheduled_DateTime","fieldName":"scheduled_DateTime"},{"initParentAlias":"zenHealth","dataType":"INT","fieldSize":"32","alias":"zenHealth.server_Instance_Id","fieldType":"java.lang.Integer","xtype":"numberfield","name":"server_Instance_Id","isPKey":false,"displayName":"server_Instance_Id","fieldName":"server_Instance_Id"},{"initParentAlias":"zenHealth","dataType":"VARCHAR","fieldSize":"3","alias":"zenHealth.server_Ip_Address","fieldType":"java.lang.String","xtype":"textfield","name":"server_Ip_Address","isPKey":false,"displayName":"server_Ip_Address","fieldName":"server_Ip_Address"},{"initParentAlias":"zenHealth","dataType":"INT","fieldSize":"11","alias":"zenHealth.total_Class","fieldType":"java.lang.Integer","xtype":"textfield","name":"total_Class","isPKey":false,"displayName":"total_Class","fieldName":"total_Class"},{"initParentAlias":"zenHealth","dataType":"INT","fieldSize":"11","alias":"zenHealth.class_Loaded","fieldType":"java.lang.Integer","xtype":"textfield","name":"class_Loaded","isPKey":false,"displayName":"class_Loaded","fieldName":"class_Loaded"},{"initParentAlias":"zenHealth","dataType":"INT","fieldSize":"11","alias":"zenHealth.class_Unloaded","fieldType":"java.lang.Integer","xtype":"combo","name":"class_Unloaded","isPKey":false,"displayName":"class_Unloaded","fieldName":"class_Unloaded"},{"initParentAlias":"zenHealth","dataType":"INT","fieldSize":"11","alias":"zenHealth.gc_Collection_Time","fieldType":"java.lang.Integer","xtype":"numberfield","name":"gc_Collection_Time","isPKey":false,"displayName":"gc_Collection_Time","fieldName":"gc_Collection_Time"},{"initParentAlias":"zenHealth","dataType":"VARCHAR","fieldSize":"256","alias":"zenHealth.gc_Memory_Name","fieldType":"java.lang.String","xtype":"textfield","name":"gc_Memory_Name","isPKey":false,"displayName":"gc_Memory_Name","fieldName":"gc_Memory_Name"},{"initParentAlias":"zenHealth","dataType":"DOUBLE","fieldSize":"","alias":"zenHealth.non_Heap_Committed","fieldType":"java.lang.Double","xtype":"numberfield","name":"non_Heap_Committed","isPKey":false,"displayName":"non_Heap_Committed","fieldName":"non_Heap_Committed"},{"initParentAlias":"zenHealth","dataType":"DOUBLE","fieldSize":"","alias":"zenHealth.non_Heap_used","fieldType":"java.lang.Double","xtype":"numberfield","name":"non_Heap_used","isPKey":false,"displayName":"non_Heap_used","fieldName":"non_Heap_used"},{"initParentAlias":"zenHealth","dataType":"DOUBLE","fieldSize":"","alias":"zenHealth.heap_Committed","fieldType":"java.lang.Double","xtype":"numberfield","name":"heap_Committed","isPKey":false,"displayName":"heap_Committed","fieldName":"heap_Committed"},{"initParentAlias":"zenHealth","dataType":"DOUBLE","fieldSize":"","alias":"zenHealth.max_Memory","fieldType":"java.lang.Double","xtype":"numberfield","name":"max_Memory","isPKey":false,"displayName":"max_Memory","fieldName":"max_Memory"},{"initParentAlias":"zenHealth","dataType":"DOUBLE","fieldSize":"","alias":"zenHealth.free_Memory","fieldType":"java.lang.Double","xtype":"numberfield","name":"free_Memory","isPKey":false,"displayName":"free_Memory","fieldName":"free_Memory"},{"initParentAlias":"zenHealth","dataType":"DOUBLE","fieldSize":"","alias":"zenHealth.heap_Used","fieldType":"java.lang.Double","xtype":"numberfield","name":"heap_Used","isPKey":false,"displayName":"heap_Used","fieldName":"heap_Used"},{"initParentAlias":"zenHealth","dataType":"DOUBLE","fieldSize":"","alias":"zenHealth.total_Memory","fieldType":"java.lang.Double","xtype":"numberfield","name":"total_Memory","isPKey":false,"displayName":"total_Memory","fieldName":"total_Memory"},{"initParentAlias":"zenHealth","dataType":"DATETIME","fieldSize":"","alias":"zenHealth.start_Time","fieldType":"java.sql.Timestamp","xtype":"datefield","name":"start_Time","isPKey":false,"displayName":"start_Time","fieldName":"start_Time"},{"initParentAlias":"zenHealth","dataType":"INT","fieldSize":"11","alias":"zenHealth.up_Time","fieldType":"java.lang.Integer","xtype":"numberfield","name":"up_Time","isPKey":false,"displayName":"up_Time","fieldName":"up_Time"},{"initParentAlias":"zenHealth","dataType":"DOUBLE","fieldSize":"","alias":"zenHealth.cpu_Time","fieldType":"java.lang.Double","xtype":"numberfield","name":"cpu_Time","isPKey":false,"displayName":"cpu_Time","fieldName":"cpu_Time"},{"initParentAlias":"zenHealth","dataType":"DOUBLE","fieldSize":"","alias":"zenHealth.free_Physical_Size","fieldType":"java.lang.Double","xtype":"numberfield","name":"free_Physical_Size","isPKey":false,"displayName":"free_Physical_Size","fieldName":"free_Physical_Size"},{"initParentAlias":"zenHealth","dataType":"DOUBLE","fieldSize":"","alias":"zenHealth.total_Physical_Memory_Size","fieldType":"java.lang.Double","xtype":"numberfield","name":"total_Physical_Memory_Size","isPKey":false,"displayName":"total_Physical_Memory_Size","fieldName":"total_Physical_Memory_Size"},{"initParentAlias":"zenHealth","dataType":"DOUBLE","fieldSize":"","alias":"zenHealth.cpu_Load_Time","fieldType":"java.lang.Double","xtype":"numberfield","name":"cpu_Load_Time","isPKey":false,"displayName":"cpu_Load_Time","fieldName":"cpu_Load_Time"},{"initParentAlias":"zenHealth","dataType":"DOUBLE","fieldSize":"","alias":"zenHealth.free_Swap_Size","fieldType":"java.lang.Double","xtype":"numberfield","name":"free_Swap_Size","isPKey":false,"displayName":"free_Swap_Size","fieldName":"free_Swap_Size"},{"initParentAlias":"zenHealth","dataType":"DOUBLE","fieldSize":"","alias":"zenHealth.system_Load_Average","fieldType":"java.lang.Double","xtype":"numberfield","name":"system_Load_Average","isPKey":false,"displayName":"system_Load_Average","fieldName":"system_Load_Average"},{"initParentAlias":"zenHealth","dataType":"DOUBLE","fieldSize":"","alias":"zenHealth.total_Swap_Size","fieldType":"java.lang.Double","xtype":"numberfield","name":"total_Swap_Size","isPKey":false,"displayName":"total_Swap_Size","fieldName":"total_Swap_Size"},{"initParentAlias":"zenHealth","dataType":"DOUBLE","fieldSize":"","alias":"zenHealth.available_Processor","fieldType":"java.lang.Double","xtype":"numberfield","name":"available_Processor","isPKey":false,"displayName":"available_Processor","fieldName":"available_Processor"},{"initParentAlias":"zenHealth","dataType":"DOUBLE","fieldSize":"","alias":"zenHealth.total_Thread","fieldType":"java.lang.Double","xtype":"numberfield","name":"total_Thread","isPKey":false,"displayName":"total_Thread","fieldName":"total_Thread"},{"initParentAlias":"zenHealth","dataType":"DOUBLE","fieldSize":"","alias":"zenHealth.thread_Peak_Count","fieldType":"java.lang.Double","xtype":"numberfield","name":"thread_Peak_Count","isPKey":false,"displayName":"thread_Peak_Count","fieldName":"thread_Peak_Count"},{"initParentAlias":"zenHealth","dataType":"DOUBLE","fieldSize":"","alias":"zenHealth.thread_Started_Count","fieldType":"java.lang.Double","xtype":"numberfield","name":"thread_Started_Count","isPKey":false,"displayName":"thread_Started_Count","fieldName":"thread_Started_Count"},{"initParentAlias":"zenHealth","dataType":"DOUBLE","fieldSize":"","alias":"zenHealth.thread_Daemon_Count","fieldType":"java.lang.Double","xtype":"numberfield","name":"thread_Daemon_Count","isPKey":false,"displayName":"thread_Daemon_Count","fieldName":"thread_Daemon_Count"},{"initParentAlias":"zenHealth","dataType":"DOUBLE","fieldSize":"","alias":"zenHealth.thread_Cpu_Time","fieldType":"java.lang.Double","xtype":"numberfield","name":"thread_Cpu_Time","isPKey":false,"displayName":"thread_Cpu_Time","fieldName":"thread_Cpu_Time"},{"initParentAlias":"zenHealth","dataType":"VARCHAR","fieldSize":"256","alias":"zenHealth.thread_User_Time","fieldType":"java.lang.String","xtype":"textfield","name":"thread_User_Time","isPKey":false,"displayName":"thread_User_Time","fieldName":"thread_User_Time"},{"initParentAlias":"zenHealth","dataType":"DOUBLE","fieldSize":"","alias":"zenHealth.cpu_Load","fieldType":"java.lang.Double","xtype":"numberfield","name":"cpu_Load","isPKey":false,"displayName":"cpu_Load","fieldName":"cpu_Load"},{"initParentAlias":"zenHealth","dataType":"DOUBLE","fieldSize":"","alias":"zenHealth.used_Memory","fieldType":"java.lang.Double","xtype":"numberfield","name":"used_Memory","isPKey":false,"displayName":"used_Memory","fieldName":"used_Memory"},{"initParentAlias":"zenHealth","dataType":"DOUBLE","fieldSize":"","alias":"zenHealth.used_Swap_Size","fieldType":"java.lang.Double","xtype":"numberfield","name":"used_Swap_Size","isPKey":false,"displayName":"used_Swap_Size","fieldName":"used_Swap_Size"},{"initParentAlias":"zenHealth","dataType":"DOUBLE","fieldSize":"","alias":"zenHealth.used_Physical_Memory","fieldType":"java.lang.Double","xtype":"numberfield","name":"used_Physical_Memory","isPKey":false,"displayName":"used_Physical_Memory","fieldName":"used_Physical_Memory"}]},"jpqlQuery":"SELECT zenHealth.monitor_id,zenHealth.scheduled_DateTime,zenHealth.server_Instance_Id,zenHealth.server_Ip_Address,zenHealth.total_Class,zenHealth.class_Loaded,\rzenHealth.class_Unloaded,zenHealth.gc_Collection_Time,zenHealth.gc_Memory_Name,\r(zenHealth.non_Heap_Committed/1024)/1024 AS  non_Heap_Committed,\r(zenHealth.non_Heap_used/1024)/1024 AS non_Heap_used,\r(zenHealth.heap_Committed/1024)/1024 AS heap_Committed,\r(zenHealth.max_Memory/1024)/1024  AS max_memory ,\r 100 - ((zenHealth.used_Memory/zenHealth.total_Memory) * 100) AS free_Memory,\r(zenHealth.heap_Used/1024)/1024 AS heap_Used,\r(zenHealth.total_Memory/1024)/1024 AS total_Memory,\rzenHealth.start_Time, zenHealth.up_Time,zenHealth.cpu_Time,\r(zenHealth.free_Physical_Size/1024)/1024 AS free_Physical_Size,\r(zenHealth.total_Physical_Memory_Size/1024)/1024 AS total_Physical_Memory_Size,\rzenHealth.cpu_Load_Time,\rFUNCTION('ROUND',(zenHealth.free_Swap_Size/1024)/1024) AS free_Swap_Size,\rzenHealth.system_Load_Average,\rFUNCTION('ROUND',(zenHealth.total_Swap_Size/1024)/1024) AS total_Swap_Size,\rzenHealth.available_Processor,zenHealth.total_Thread,\rzenHealth.thread_Peak_Count,zenHealth.thread_Started_Count,zenHealth.thread_Daemon_Count,zenHealth.thread_Cpu_Time,\rzenHealth.thread_User_Time,zenHealth.cpu_Load,\r(zenHealth.used_Memory/zenHealth.total_Memory) * 100 AS used_Memory,\r(zenHealth.used_Swap_Size/1024)/1024  AS used_Swap_Size,\r(zenHealth.used_Physical_Memory /1024)/1024  AS used_Physical_Memory \rFROM ZenHealth AS zenHealth","queryId":"8B80721D-6672-4A99-85F1-288C0E3003D8"}#appfire#{"displayType":"1","defaultCColumn":"2","isSummaryGrid":0}#appfire#{"enableCharts":"on","hour":"","minute":""}#appfire#0#appfire#8BC03713-005A-45B3-A295-ED193356EAEB#appfire#1#appfire#null#appfirenewline#A1371A98-656D-40BF-BEBC-48F2815D5F22#appfire#NewCaseR#appfire##appfire##appfire#[{"index":"1","value":"2016-01-12 18:31:00","placeHolder":"alias1","alias":"alias1","fieldType":"java.sql.Timestamp","displayName":"alias1","name":"alias1","widget":"textfield","attributeName":"","attributeDatatype":"","datatype":"DATETIME","id":1,"service":"","serviceOp":"","defaultValue":"","dependantW":0,"serviceName":"","serviceOpName":"","serviceUrl":"","serviceOpUrl":"","dependantWidgetName":"","sessionInput":false}]#appfire#{"gridConfig":[{"fieldName":"caseId","name":"caseId","initParentAlias":"ast_CaseSubmition_T","alias":"caseId.caseId","displayName":"caseId","fieldType":"java.lang.String","dataType":"VARCHAR","xtype":"textfield","fieldSize":"256","fieldVisible":true,"isSortable":"","fieldWidth":100,"alignment":"Left Align","lock":false,"summaryGroup":false,"summaryAgg":"","summaryCaption":""},{"fieldName":"caseDesc","name":"caseDesc","initParentAlias":"ast_CaseSubmition_T","alias":"caseDesc.caseDesc","displayName":"caseDesc","fieldType":"java.lang.String","dataType":"VARCHAR","xtype":"textfield","fieldSize":"65535","fieldVisible":true,"isSortable":"","fieldWidth":100,"alignment":"Left Align","lock":false,"summaryGroup":false,"summaryAgg":"","summaryCaption":""},{"fieldName":"caseName","name":"caseName","initParentAlias":"ast_CaseSubmition_T","alias":"caseName.caseName","displayName":"caseName","fieldType":"java.lang.String","dataType":"VARCHAR","xtype":"textfield","fieldSize":"256","fieldVisible":true,"isSortable":"","fieldWidth":100,"alignment":"Left Align","lock":false,"summaryGroup":false,"summaryAgg":"","summaryCaption":""},{"fieldName":"caseNo","name":"caseNo","initParentAlias":"ast_CaseSubmition_T","alias":"caseNo.caseNo","displayName":"caseNo","fieldType":"java.lang.Integer","dataType":"INT","xtype":"textfield","fieldSize":"10","fieldVisible":true,"isSortable":"","fieldWidth":100,"alignment":"Right Align","lock":false,"summaryGroup":false,"summaryAgg":"","summaryCaption":""},{"fieldName":"submitionDate","name":"submitionDate","initParentAlias":"ast_CaseSubmition_T","alias":"submitionDate.submitionDate","displayName":"submitionDate","fieldType":"java.sql.Timestamp","dataType":"DATETIME","xtype":"textfield","fieldSize":"19","fieldVisible":true,"isSortable":"","fieldWidth":100,"alignment":"Right Align","lock":false,"summaryGroup":false,"summaryAgg":"","summaryCaption":""}]}#appfire#[]#appfire#{"drillDownGrid":[],"qcContext":0}#appfire#[]#appfire#18D01ABF-F632-496A-B379-FC50EDEAB8C0#appfire#2016-01-22#appfire#18D01ABF-F632-496A-B379-FC50EDEAB8C0#appfire#2016-01-22#appfire#1WZWHUGVRU305C4VRU9WA#appfire#1#appfire#ba9dced8-453e-49a3-b627-d497a1f91b17#appfire#1#appfire#1#appfire#{"queryId":"C22C4BF3-D591-44C6-8C41-C6F738F2C45B","queryJson":{"where":[],"fields":[{"fieldName":"caseId","name":"caseId","initParentAlias":"ast_CaseSubmition_T","alias":"caseId.caseId","displayName":"caseId","fieldType":"java.lang.String","dataType":"VARCHAR","xtype":"textfield","fieldSize":"256"},{"fieldName":"caseDesc","name":"caseDesc","initParentAlias":"ast_CaseSubmition_T","alias":"caseDesc.caseDesc","displayName":"caseDesc","fieldType":"java.lang.String","dataType":"VARCHAR","xtype":"textfield","fieldSize":"65535"},{"fieldName":"caseName","name":"caseName","initParentAlias":"ast_CaseSubmition_T","alias":"caseName.caseName","displayName":"caseName","fieldType":"java.lang.String","dataType":"VARCHAR","xtype":"textfield","fieldSize":"256"},{"fieldName":"caseNo","name":"caseNo","initParentAlias":"ast_CaseSubmition_T","alias":"caseNo.caseNo","displayName":"caseNo","fieldType":"java.lang.Integer","dataType":"INT","xtype":"textfield","fieldSize":"10"},{"fieldName":"submitionDate","name":"submitionDate","initParentAlias":"ast_CaseSubmition_T","alias":"submitionDate.submitionDate","displayName":"submitionDate","fieldType":"java.sql.Timestamp","dataType":"DATETIME","xtype":"textfield","fieldSize":"19"}],"inputParams":[{"index":"1","value":"2016-01-12 18:31:00","dataType":"DATETIME","placeHolder":"alias1","alias":"alias1","fieldType":"java.sql.Timestamp","displayName":"alias1","name":"alias1","widget":"textfield","attributeName":"","attributeDatatype":""}]},"jpqlQuery":"  SELECT  caseSubmition.`caseId`,caseSubmition.`caseDesc`,caseSubmition.`caseName`,caseSubmition.`caseNo`,caseSubmition.`submitionDate` FROM `ast_CaseSubmition_T` AS caseSubmition  WHERE  caseSubmition.submitionDate <= ?"}#appfire#{"displayType":"0","pageSize":20,"defaultCColumn":null,"isSummaryGrid":0,"qcPosition":"north","checkboxgrid":1,"actionbutton":[{"name":"action","servicename":"CaseNewRule","serviceid":"238D73A8-E8F3-4C6A-A687-E0569ABD1C91","serviceUrl":"/CaseNewRuleWS/proCaseNewRule","serviceOpr":"proCaseNewRule","operationid":"9C64B2B6-9AB8-4FDB-8BEF-8BFA3E7E2E8D","urlMethod":"POST","primaryKeyField":"caseId","id":"extModel9522-1"}],"context":"8BC03713-005A-45B3-A295-ED193356EAEB","calendar":{"calIsCalendar":false,"calSName":"","calDateColumn":null,"calDispColumn":null,"aggregate":[]}}#appfire#{"enableCharts":"on","hour":"","minute":""}#appfire#0#appfire#8BC03713-005A-45B3-A295-ED193356EAEB#appfire#0#appfire#{"interval":"","mapView":{"mapSName":"","mapLatColumn":"","mapLongColumn":"","displayName":""}}#appfirenewline#D150715F-0F1A-447D-B5A5-4A50592AE26C#appfire#System Memory Usage#appfire##appfire##appfire#[]#appfire#{"headerGroup":[{"text":"IP Address","fieldCol":true,"name":"server_Ip_Address"},{"text":"Date","fieldCol":true,"name":"scheduled_DateTime"},{"text":"Memory Space","fieldCol":false,"name":"","columns":[{"text":"Total  Space(MB)","fieldCol":true,"name":"total_Space"},{"text":"Used Space(%)","fieldCol":true,"name":"used_Space"},{"text":"Free Space(%)","fieldCol":true,"name":"free_Space"}]},{"text":" DB status","fieldCol":true,"name":"status"}],"gridConfig":[{"fieldName":"healthId","name":"healthId","initParentAlias":"zenHealthStatus","alias":"zenHealthStatus.healthId","displayName":"healthId","fieldType":"java.lang.Integer","dataType":"INT","xtype":"numberfield","fieldSize":"11","isPKey":true,"fieldVisible":false,"isSortable":"","fieldWidth":100,"alignment":"Right Align","lock":false,"summaryGroup":false,"summaryAgg":"","summaryCaption":""},{"fieldName":"server_Ip_Address","name":"server_Ip_Address","initParentAlias":"zenHealthStatus","alias":"zenHealthStatus.server_Ip_Address","displayName":"IP Address","fieldType":"java.lang.String","dataType":"VARCHAR","xtype":"textfield","fieldSize":"3","isPKey":false,"fieldVisible":true,"isSortable":"","fieldWidth":100,"alignment":"Left Align","lock":false,"summaryGroup":false,"summaryAgg":"","summaryCaption":""},{"fieldName":"scheduled_DateTime","name":"scheduled_DateTime","initParentAlias":"zenHealthStatus","alias":"zenHealthStatus.scheduled_DateTime","displayName":"Date","fieldType":"java.sql.Timestamp","dataType":"DATETIME","xtype":"datefield","fieldSize":"","isPKey":false,"fieldVisible":true,"isSortable":"","fieldWidth":200,"alignment":"Left Align","lock":false,"summaryGroup":false,"summaryAgg":"","summaryCaption":""},{"fieldName":"total_Space","name":"total_Space","initParentAlias":"zenHealthStatus","alias":"zenHealthStatus.total_Space","displayName":"Total  Space(MB)","fieldType":"java.lang.Double","dataType":"DOUBLE","xtype":"numberfield","fieldSize":"","isPKey":false,"fieldVisible":true,"isSortable":"","fieldWidth":150,"alignment":"Right Align","lock":false,"summaryGroup":false,"summaryAgg":"","summaryCaption":""},{"fieldName":"used_Space","name":"used_Space","initParentAlias":"zenHealthStatus","alias":"zenHealthStatus.used_Space","displayName":"Used Space(%)","fieldType":"java.lang.Double","dataType":"DOUBLE","xtype":"numberfield","fieldSize":"","isPKey":false,"fieldVisible":true,"isSortable":"","fieldWidth":150,"alignment":"Right Align","lock":false,"summaryGroup":false,"summaryAgg":"","summaryCaption":""},{"fieldName":"free_Space","name":"free_Space","initParentAlias":"zenHealthStatus","alias":"zenHealthStatus.free_Space","displayName":"Free Space(%)","fieldType":"java.lang.Double","dataType":"DOUBLE","xtype":"numberfield","fieldSize":"","isPKey":false,"fieldVisible":true,"isSortable":"","fieldWidth":150,"alignment":"Right Align","lock":false,"summaryGroup":false,"summaryAgg":"","summaryCaption":""},{"fieldName":"status","name":"status","initParentAlias":"zenHealthStatus","alias":"zenHealthStatus.status","displayName":" DB status","fieldType":"java.lang.String","dataType":"VARCHAR","xtype":"textfield","fieldSize":"256","isPKey":false,"fieldVisible":true,"isSortable":"","fieldWidth":150,"alignment":"Left Align","lock":false,"summaryGroup":false,"summaryAgg":"","summaryCaption":""},{"fieldName":"server_Instance_Id","name":"server_Instance_Id","initParentAlias":"zenHealthStatus","alias":"zenHealthStatus.server_Instance_Id","displayName":"Instance Id","fieldType":"java.lang.Integer","dataType":"INT","xtype":"textfield","fieldSize":"3","isPKey":false,"fieldVisible":false,"isSortable":"","fieldWidth":100,"alignment":"Right Align","lock":false,"summaryGroup":false,"summaryAgg":"","summaryCaption":""}]}#appfire#[{"chartType":"angulargauge","chartTitle":"Used Space","chartId":"234","chartJson":{"type":"angulargauge","height":300,"width":400,"dataSource":{"chart":{"palette":"3","bgColor":"FFFFFF","caption":"System Used Space(%)","captionFontSize":"15","subCaption":"","subCaptionFontSize":"11","captionAlignment":"center","captionFont":"Arial","subCaptionFont":"Calibri","captionFontColor":"#000000","subCaptionFontColor":"#000000","captionFontBold":true,"subCaptionFontBold":true,"yAxisName":"Units","showValues":true,"legendBorderAlpha":"0","showBorder":false,"captionOnTop":true},"colorrange":{"color":[{"minvalue":"0","maxvalue":"45"},{"minvalue":"45","maxvalue":"75"},{"minvalue":"75","maxvalue":"100"}]},"dials":{"dial":[{"value":"62","rearextension":"1","radius":"100","bgcolor":"333333","bordercolor":"333333","basewidth":"8"}]},"data":[]},"chartId":"234","javaClass":"com.athena.report.utils.ChartGaugeJSONConverter","chartTitle":"Used Space","value":"used_Space","aggregate":"","dataType":0,"criteria":"Max","criteriaColumn":"scheduled_DateTime","groupByCol":""}}]#appfire#{"drillDownGrid":[],"qcContext":0}#appfire#[{"dfieldName":"total_Space","dValueField":null,"aggregate":"Sum","label":"Total Space(MB)","displayName":"Total  Space(KB)","isGroupBy":false,"type":"Data","criteria":"Max","criteriaColumn":"scheduled_DateTime"},{"dfieldName":"used_Space","dValueField":null,"aggregate":"Sum","label":"Used Space(%)","displayName":"Used Space(%)","isGroupBy":false,"type":"Data","criteria":"Max","criteriaColumn":"scheduled_DateTime"},{"dfieldName":"free_Space","dValueField":null,"aggregate":"Sum","label":"Free Space(%)","displayName":"Free Space(%)","isGroupBy":false,"type":"Data","criteria":"Max","criteriaColumn":"scheduled_DateTime"}]#appfire#18D01ABF-F632-496A-B379-FC50EDEAB8C0#appfire#2016-01-20#appfire#18D01ABF-F632-496A-B379-FC50EDEAB8C0#appfire#2016-01-20#appfire#1WZWHUGVRU305C4VRU9WA#appfire#1#appfire#ba9dced8-453e-49a3-b627-d497a1f91b17#appfire#1#appfire#1#appfire#{"queryJson":{"inputParams":[],"where":[],"fields":[{"initParentAlias":"zenHealthStatus","dataType":"INT","fieldSize":"11","alias":"zenHealthStatus.healthId","fieldType":"java.lang.Integer","xtype":"numberfield","name":"healthId","isPKey":true,"displayName":"healthId","fieldName":"healthId"},{"initParentAlias":"zenHealthStatus","dataType":"DATETIME","fieldSize":"","alias":"zenHealthStatus.scheduled_DateTime","fieldType":"java.sql.Timestamp","xtype":"datefield","name":"scheduled_DateTime","isPKey":false,"displayName":"scheduled_DateTime","fieldName":"scheduled_DateTime"},{"initParentAlias":"zenHealthStatus","dataType":"INT","fieldSize":"3","alias":"zenHealthStatus.server_Instance_Id","fieldType":"java.lang.Integer","xtype":"textfield","name":"server_Instance_Id","isPKey":false,"displayName":"server_Instance_Id","fieldName":"server_Instance_Id"},{"initParentAlias":"zenHealthStatus","dataType":"VARCHAR","fieldSize":"3","alias":"zenHealthStatus.server_Ip_Address","fieldType":"java.lang.String","xtype":"textfield","name":"server_Ip_Address","isPKey":false,"displayName":"server_Ip_Address","fieldName":"server_Ip_Address"},{"initParentAlias":"zenHealthStatus","dataType":"DOUBLE","fieldSize":"","alias":"zenHealthStatus.free_Space","fieldType":"java.lang.Double","xtype":"numberfield","name":"free_Space","isPKey":false,"displayName":"free_Space","fieldName":"free_Space"},{"initParentAlias":"zenHealthStatus","dataType":"DOUBLE","fieldSize":"","alias":"zenHealthStatus.used_Space","fieldType":"java.lang.Double","xtype":"numberfield","name":"used_Space","isPKey":false,"displayName":"used_Space","fieldName":"used_Space"},{"initParentAlias":"zenHealthStatus","dataType":"DOUBLE","fieldSize":"","alias":"zenHealthStatus.total_Space","fieldType":"java.lang.Double","xtype":"numberfield","name":"total_Space","isPKey":false,"displayName":"total_Space","fieldName":"total_Space"},{"initParentAlias":"zenHealthStatus","dataType":"VARCHAR","fieldSize":"256","alias":"zenHealthStatus.status","fieldType":"java.lang.String","xtype":"textfield","name":"status","isPKey":false,"displayName":"status","fieldName":"status"}]},"jpqlQuery":"SELECT zenHealthStatus.healthId,zenHealthStatus.scheduled_DateTime,zenHealthStatus.server_Instance_Id,zenHealthStatus.server_Ip_Address,\rFUNCTION('ROUND',100 - (zenHealthStatus.used_Space/zenHealthStatus.total_Space )* 100) AS free_Space,\rFUNCTION('ROUND',(zenHealthStatus.used_Space/zenHealthStatus.total_Space )* 100 ) AS used_Space,\rFUNCTION('ROUND',(zenHealthStatus.total_Space/1024)/1024) AS total_Space,\rzenHealthStatus.status FROM ZenHealthStatus AS zenHealthStatus\r ","queryId":"3EAA7093-0757-4399-A172-E570E95D9384"}#appfire#{"displayType":"1","defaultCColumn":"","isSummaryGrid":0}#appfire#{"enableCharts":"on","hour":"","minute":""}#appfire#0#appfire#8BC03713-005A-45B3-A295-ED193356EAEB#appfire#1#appfire#null#appfirenewline#DF6DEA8C-84C9-4F55-98B4-CB8C57DDA279#appfire#Request Details#appfire##appfire##appfire#[]#appfire#{"headerGroup":[{"text":"User Info","fieldCol":false,"name":"","columns":[{"text":"User","fieldCol":true,"name":"firstName"},{"text":"IP Address","fieldCol":true,"name":"ip_Address"},{"text":"Session ID","fieldCol":true,"name":"appSessionId"}]},{"text":"requestId","fieldCol":true,"name":"requestId"},{"text":"Request Info","fieldCol":false,"name":"","columns":[{"text":"Request Time","fieldCol":true,"name":"request_Time"},{"text":"Class Name","fieldCol":true,"name":"class_Name"},{"text":"Method Name","fieldCol":true,"name":"method_Name"},{"text":"Request Method","fieldCol":true,"name":"request_Method"},{"text":"Request Type","fieldCol":true,"name":"typeofClass"}]},{"text":"Status","fieldCol":false,"name":"","columns":[{"text":"HTTP Status","fieldCol":true,"name":"http_Status"},{"text":"Return Status","fieldCol":true,"name":"return_Status"},{"text":"Exception","fieldCol":true,"name":"exceptionId"}]},{"text":"Request Time","fieldCol":false,"name":"","columns":[{"text":"Execution Time","fieldCol":true,"name":"execution_Time"},{"text":"Request End Time","fieldCol":true,"name":"end_Time"}]}],"gridConfig":[{"fieldName":"requestId","name":"requestId","initParentAlias":"zenRequestDetails","alias":"zenRequestDetails.requestId","displayName":"requestId","fieldType":"java.lang.String","dataType":"VARCHAR","xtype":"numberfield","fieldSize":"11","isPKey":true,"fieldVisible":true,"isSortable":"","fieldWidth":100,"alignment":"Left Align","lock":false,"summaryGroup":true,"summaryAgg":"","summaryCaption":""},{"fieldName":"ip_Address","name":"ip_Address","initParentAlias":"zenRequestDetails","alias":"zenRequestDetails.ip_Address","displayName":"IP Address","fieldType":"java.lang.String","dataType":"VARCHAR","xtype":"textfield","fieldSize":"11","isPKey":false,"fieldVisible":true,"isSortable":"","fieldWidth":300,"alignment":"Left Align","lock":false,"summaryGroup":false,"summaryAgg":"","summaryCaption":""},{"fieldName":"request_Time","name":"request_Time","initParentAlias":"zenRequestDetails","alias":"zenRequestDetails.request_Time","displayName":"Request Time","fieldType":"java.sql.Timestamp","dataType":"DATETIME","xtype":"datefield","fieldSize":"","isPKey":false,"fieldVisible":true,"isSortable":"","fieldWidth":200,"alignment":"Left Align","lock":false,"summaryGroup":false,"summaryAgg":"","summaryCaption":""},{"fieldName":"class_Name","name":"class_Name","initParentAlias":"zenRequestDetails","alias":"zenRequestDetails.class_Name","displayName":"Class Name","fieldType":"java.lang.String","dataType":"VARCHAR","xtype":"textfield","fieldSize":"256","isPKey":false,"fieldVisible":true,"isSortable":"","fieldWidth":300,"alignment":"Left Align","lock":false,"summaryGroup":false,"summaryAgg":"","summaryCaption":""},{"fieldName":"method_Name","name":"method_Name","initParentAlias":"zenRequestDetails","alias":"zenRequestDetails.method_Name","displayName":"Method Name","fieldType":"java.lang.String","dataType":"VARCHAR","xtype":"textfield","fieldSize":"256","isPKey":false,"fieldVisible":true,"isSortable":"","fieldWidth":150,"alignment":"Left Align","lock":false,"summaryGroup":false,"summaryAgg":"","summaryCaption":""},{"fieldName":"request_Method","name":"request_Method","initParentAlias":"zenRequestDetails","alias":"zenRequestDetails.request_Method","displayName":"Request Method","fieldType":"java.lang.String","dataType":"VARCHAR","xtype":"textfield","fieldSize":"256","isPKey":false,"fieldVisible":true,"isSortable":"","fieldWidth":150,"alignment":"Left Align","lock":false,"summaryGroup":false,"summaryAgg":"","summaryCaption":""},{"fieldName":"typeofClass","name":"typeofClass","initParentAlias":"zenRequestDetails","alias":"zenRequestDetails.typeofClass","displayName":"Request Type","fieldType":"java.lang.String","dataType":"VARCHAR","xtype":"numberfield","fieldSize":"256","isPKey":false,"fieldVisible":true,"isSortable":"","fieldWidth":120,"alignment":"Left Align","lock":false,"summaryGroup":false,"summaryAgg":"","summaryCaption":""},{"fieldName":"http_Status","name":"http_Status","initParentAlias":"zenRequestDetails","alias":"zenRequestDetails.http_Status","displayName":"HTTP Status","fieldType":"java.lang.String","dataType":"VARCHAR","xtype":"textfield","fieldSize":"32","isPKey":false,"fieldVisible":true,"isSortable":"","fieldWidth":100,"alignment":"Left Align","lock":false,"summaryGroup":false,"summaryAgg":"","summaryCaption":""},{"fieldName":"return_Status","name":"return_Status","initParentAlias":"zenRequestDetails","alias":"zenRequestDetails.return_Status","displayName":"Return Status","fieldType":"java.lang.String","dataType":"VARCHAR","xtype":"textfield","fieldSize":"256","isPKey":false,"fieldVisible":true,"isSortable":"","fieldWidth":120,"alignment":"Left Align","lock":false,"summaryGroup":false,"summaryAgg":"","summaryCaption":""},{"fieldName":"exceptionId","name":"exceptionId","initParentAlias":"zenRequestDetails","alias":"zenRequestDetails.exceptionId","displayName":"Exception","fieldType":"java.lang.Integer","dataType":"INT","xtype":"numberfield","fieldSize":"11","isPKey":false,"fieldVisible":true,"isSortable":"","fieldWidth":100,"alignment":"Right Align","lock":false,"summaryGroup":false,"summaryAgg":"","summaryCaption":""},{"fieldName":"execution_Time","name":"execution_Time","initParentAlias":"zenRequestDetails","alias":"zenRequestDetails.execution_Time","displayName":"Execution Time","fieldType":"java.lang.Double","dataType":"DOUBLE","xtype":"datefield","fieldSize":"","isPKey":false,"fieldVisible":true,"isSortable":"","fieldWidth":150,"alignment":"Right Align","lock":false,"summaryGroup":false,"summaryAgg":"Sum","summaryCaption":"value + '(ms)'"},{"fieldName":"end_Time","name":"end_Time","initParentAlias":"zenRequestDetails","alias":"zenRequestDetails.end_Time","displayName":"Request End Time","fieldType":"java.sql.Timestamp","dataType":"DATETIME","xtype":"datefield","fieldSize":"","isPKey":false,"fieldVisible":true,"isSortable":"","fieldWidth":150,"alignment":"Right Align","lock":false,"summaryGroup":false,"summaryAgg":"","summaryCaption":""},{"fieldName":"callSeqId","name":"callSeqId","initParentAlias":"zenRequestDetails","alias":"zenRequestDetails.callSeqId","displayName":"Call Seq. Id","fieldType":"java.lang.Integer","dataType":"INT","xtype":"numberfield","fieldSize":"11","isPKey":false,"fieldVisible":false,"isSortable":"","fieldWidth":120,"alignment":"Right Align","lock":false,"summaryGroup":false,"summaryAgg":"","summaryCaption":""},{"fieldName":"firstName","name":"firstName","initParentAlias":"login","alias":"login.coreContacts.firstName","displayName":"User","fieldType":"java.lang.String","dataType":"VARCHAR","xtype":"textfield","fieldSize":"256","isPKey":false,"fieldVisible":true,"isSortable":"","fieldWidth":100,"alignment":"Left Align","lock":false,"summaryGroup":false,"summaryAgg":"","summaryCaption":""},{"fieldName":"appSessionId","name":"appSessionId","initParentAlias":"zenRequestDetails","alias":"zenRequestDetails.appSessionId","displayName":"Session ID","fieldType":"java.lang.String","dataType":"VARCHAR","xtype":"textfield","fieldSize":"256","isPKey":false,"fieldVisible":true,"isSortable":"","fieldWidth":300,"alignment":"Left Align","lock":false,"summaryGroup":false,"summaryAgg":"","summaryCaption":""},{"fieldName":"userId","name":"userId","initParentAlias":"zenRequestDetails","alias":"zenRequestDetails.userId","displayName":"userId","fieldType":"java.lang.String","dataType":"VARCHAR","xtype":"textfield","fieldSize":"256","isPKey":false,"fieldVisible":false,"isSortable":"","fieldWidth":100,"alignment":"Left Align","lock":false,"summaryGroup":false,"summaryAgg":"","summaryCaption":""}]}#appfire#[{"type":"mscolumn2d","height":300,"width":"500","dataSource":{"chart":{"caption":"User's Request","subCaption":"","captionFontSize":"15","subCaptionFontSize":"11","captionAlignment":"center","captionFont":"Arial","subCaptionFont":"Calibri","captionFontColor":"#000000","subCaptionFontColor":"#000000","captionFontBold":true,"subCaptionFontBold":true,"alignCaptionWithCanvas":false,"captionHorizontalPadding":"3","yAxisName":"Request Call","xAxisName":"Users","numberPrefix":"","paletteColors":"#0075c2,#1aaf5d","bgColor":"#FFFFFF","showBorder":false,"showHoverEffect":true,"showCanvasBorder":false,"usePlotGradientColor":false,"plotBorderAlpha":"10","showLegend":true,"legendItemFontBold":true,"legendItemFont":"Arial","legendItemFontSize":"12","legendItemFontColor":"#000000","legendPosition":"bottom","legendCaptionAlignment":"center","legendCaptionBold":true,"legendCaptionFont":"Arial","legendCaptionFontSize":"10","legendCaptionFontColor":"#000000","legendItemHiddenColor":"#FFFFFF","legendIconScale":"2","legendBgColor":"#FFFFFF","legendBorderColor":"#000000","legendBorderThickness":"2","legendShadow":false,"legendAllowDrag":false,"legendScrollBgColor":"#FFFFFF","reverseLegend":false,"interactiveLegend":true,"placeValuesInside":true,"valueFontColor":"#FFFFFF","showXAxisLine":true,"xAxisLineColor":"#999999","divlineColor":"#999999","divLineIsDashed":true},"categories":[{"category":[{"label":"Q1"},{"label":"Q2"},{"label":"Q3"},{"label":"Q4"}]}],"dataset":[{"seriesname":"Previous Year","data":[{"value":"10000"},{"value":"11500"},{"value":"12500"},{"value":"15000"}]},{"seriesname":"Current Year","data":[{"value":"25400"},{"value":"29800"},{"value":"21800"},{"value":"26800"}]}],"data":[]},"chartId":"13","javaClass":"com.athena.report.utils.ChartCategorySeriesJSONConverter","chartTitle":"User wise Request","category":["firstName"],"seriesname":["typeofClass"],"value":"requestId","aggregate":"Count","dataType":0,"criteria":"","criteriaColumn":"","groupByCol":""}]#appfire#{"drillDownGrid":[],"qcContext":0}#appfire#[{"dfieldName":"requestId","dValueField":"userId","aggregate":"Count","label":"Total Request","displayName":"requestId","isGroupBy":false,"type":"Data","criteria":null,"criteriaColumn":null},{"dfieldName":"typeofClass","dValueField":"typeofClass","aggregate":"Count","label":"Request Type","displayName":"Request Type","isGroupBy":true,"type":"Data","criteria":null,"criteriaColumn":null},{"dfieldName":"request_Method","dValueField":"request_Method","aggregate":"Count","label":"Request Status","displayName":"Request Method","isGroupBy":true,"type":"Data","criteria":null,"criteriaColumn":null},{"dfieldName":"http_Status","dValueField":"http_Status","aggregate":"Count","label":"Request Status","displayName":"HTTP Status","isGroupBy":true,"type":"Data","criteria":null,"criteriaColumn":null}]#appfire#18D01ABF-F632-496A-B379-FC50EDEAB8C0#appfire#2016-01-20#appfire#18D01ABF-F632-496A-B379-FC50EDEAB8C0#appfire#2016-01-20#appfire#1WZWHUGVRU305C4VRU9WA#appfire#1#appfire#ba9dced8-453e-49a3-b627-d497a1f91b17#appfire#1#appfire#1#appfire#{"queryJson":{"inputParams":[],"where":[{"_parentIndex":"isWhereRoot","_connIndex":"42adb488-n539-44d7-b3m3-53n30acb1188","left":{"dataType":"VARCHAR","placeHolder":"userId","entConfig":{"id":112,"initParentAlias":"login","relationType":"11","alias":"login.user","name":"User","type":"TP","isEntity":true},"alias":"User","fieldType":"isReference","name":"userId","fieldConfig":{"initParentAlias":"login","dataType":"VARCHAR","alias":"login.user.userId","fieldSize":"64","fieldType":"java.lang.String","name":"userId","xtype":"textfield","isPKey":true,"fieldName":"userId","displayName":"userId"},"value":"login.user.userId","valueType":1,"displayName":"userId","widget":"textfield"},"right":{"dataType":"VARCHAR","placeHolder":"userId","entConfig":{"id":126,"initParentAlias":"zenRequestDetails","alias":"zenRequestDetails","name":"ZenRequestDetails","type":"M"},"alias":"ZenRequestDetails","fieldType":"isReference","name":"userId","fieldConfig":{"initParentAlias":"zenRequestDetails","dataType":"VARCHAR","alias":"zenRequestDetails.userId","fieldSize":"256","fieldType":"java.lang.String","name":"userId","xtype":"textfield","isPKey":false,"fieldName":"userId","displayName":"userId"},"value":"zenRequestDetails.userId","valueType":1,"displayName":"userId","widget":"textfield"},"operator":"="}],"fields":[{"initParentAlias":"zenRequestDetails","dataType":"VARCHAR","alias":"zenRequestDetails.requestId","fieldSize":"11","fieldType":"java.lang.String","name":"requestId","xtype":"numberfield","isPKey":true,"fieldName":"requestId","displayName":"requestId"},{"initParentAlias":"zenRequestDetails","dataType":"VARCHAR","alias":"zenRequestDetails.class_Name","fieldSize":"256","fieldType":"java.lang.String","name":"class_Name","xtype":"textfield","isPKey":false,"fieldName":"class_Name","displayName":"class_Name"},{"initParentAlias":"zenRequestDetails","dataType":"VARCHAR","alias":"zenRequestDetails.ip_Address","fieldSize":"11","fieldType":"java.lang.String","name":"ip_Address","xtype":"textfield","isPKey":false,"fieldName":"ip_Address","displayName":"ip_Address"},{"initParentAlias":"zenRequestDetails","dataType":"DATETIME","alias":"zenRequestDetails.request_Time","fieldSize":"","fieldType":"java.sql.Timestamp","name":"request_Time","xtype":"datefield","isPKey":false,"fieldName":"request_Time","displayName":"request_Time"},{"initParentAlias":"zenRequestDetails","dataType":"VARCHAR","alias":"zenRequestDetails.request_Method","fieldSize":"256","fieldType":"java.lang.String","name":"request_Method","xtype":"textfield","isPKey":false,"fieldName":"request_Method","displayName":"request_Method"},{"initParentAlias":"zenRequestDetails","dataType":"VARCHAR","alias":"zenRequestDetails.http_Status","fieldSize":"32","fieldType":"java.lang.String","name":"http_Status","xtype":"textfield","isPKey":false,"fieldName":"http_Status","displayName":"http_Status"},{"initParentAlias":"zenRequestDetails","dataType":"VARCHAR","alias":"zenRequestDetails.return_Status","fieldSize":"256","fieldType":"java.lang.String","name":"return_Status","xtype":"textfield","isPKey":false,"fieldName":"return_Status","displayName":"return_Status"},{"initParentAlias":"zenRequestDetails","dataType":"DOUBLE","alias":"zenRequestDetails.execution_Time","fieldSize":"","fieldType":"java.lang.Double","name":"execution_Time","xtype":"datefield","isPKey":false,"fieldName":"execution_Time","displayName":"execution_Time"},{"initParentAlias":"zenRequestDetails","dataType":"VARCHAR","alias":"zenRequestDetails.method_Name","fieldSize":"256","fieldType":"java.lang.String","name":"method_Name","xtype":"textfield","isPKey":false,"fieldName":"method_Name","displayName":"method_Name"},{"initParentAlias":"zenRequestDetails","dataType":"DATETIME","alias":"zenRequestDetails.end_Time","fieldSize":"","fieldType":"java.sql.Timestamp","name":"end_Time","xtype":"datefield","isPKey":false,"fieldName":"end_Time","displayName":"end_Time"},{"initParentAlias":"zenRequestDetails","dataType":"VARCHAR","alias":"zenRequestDetails.typeofClass","fieldSize":"256","fieldType":"java.lang.String","name":"typeofClass","xtype":"numberfield","isPKey":false,"fieldName":"typeofClass","displayName":"typeofClass"},{"initParentAlias":"zenRequestDetails","dataType":"INT","alias":"zenRequestDetails.callSeqId","fieldSize":"11","fieldType":"java.lang.Integer","name":"callSeqId","xtype":"numberfield","isPKey":false,"fieldName":"callSeqId","displayName":"callSeqId"},{"initParentAlias":"zenRequestDetails","dataType":"INT","alias":"zenRequestDetails.exceptionId","fieldSize":"11","fieldType":"java.lang.Integer","name":"exceptionId","xtype":"numberfield","isPKey":false,"fieldName":"exceptionId","displayName":"exceptionId"},{"initParentAlias":"zenRequestDetails","dataType":"VARCHAR","alias":"zenRequestDetails.appSessionId","fieldSize":"256","fieldType":"java.lang.String","name":"appSessionId","xtype":"textfield","isPKey":false,"fieldName":"appSessionId","displayName":"appSessionId"},{"initParentAlias":"zenRequestDetails","dataType":"VARCHAR","alias":"zenRequestDetails.userId","fieldSize":"256","fieldType":"java.lang.String","name":"userId","xtype":"textfield","isPKey":false,"fieldName":"userId","displayName":"userId"},{"initParentAlias":"login","dataType":"VARCHAR","alias":"login.coreContacts.firstName","fieldSize":"256","fieldType":"java.lang.String","name":"firstName","xtype":"textfield","isPKey":false,"fieldName":"firstName","displayName":"firstName"}]},"jpqlQuery":"SELECT zenRequestDetails.requestId,zenRequestDetails.class_Name,zenRequestDetails.ip_Address,zenRequestDetails.request_Time,zenRequestDetails.request_Method,zenRequestDetails.http_Status,zenRequestDetails.return_Status,zenRequestDetails.execution_Time,zenRequestDetails.method_Name,zenRequestDetails.end_Time,zenRequestDetails.typeofClass,zenRequestDetails.callSeqId,zenRequestDetails.exceptionId,zenRequestDetails.appSessionId,zenRequestDetails.userId,login.coreContacts.firstName FROM ZenRequestDetails AS zenRequestDetails LEFT JOIN Login AS login WHERE   login.user.userId = zenRequestDetails.userId   ","queryId":"57850532-519C-47FE-969A-9CC2CFE0E6D8"}#appfire#{"displayType":"1","defaultCColumn":"","isSummaryGrid":1}#appfire#{"enableCharts":"on","hour":"","minute":""}#appfire#0#appfire#8BC03713-005A-45B3-A295-ED193356EAEB#appfire#1#appfire#null#appfirenewline#E0D8EC49-7CB3-4E17-8061-051B85107B93#appfire#CaseReport#appfire##appfire##appfire#[{"index":"1","value":"asa","placeHolder":"alias1","alias":"alias1","fieldType":"java.lang.String","displayName":"alias1","name":"alias1","widget":"textfield","attributeName":"","attributeDatatype":"","datatype":"VARCHAR","id":6,"service":"","serviceOp":"","defaultValue":"","dependantW":0,"serviceName":"","serviceOpName":"","serviceUrl":"","serviceOpUrl":"","dependantWidgetName":"","sessionInput":false}]#appfire#{"gridConfig":[{"fieldName":"empId","name":"empId","initParentAlias":"ast_Employee_T","alias":"empId.empId","displayName":"empId","fieldType":"java.lang.String","dataType":"VARCHAR","xtype":"textfield","fieldSize":"256","fieldVisible":true,"isSortable":"","fieldWidth":100,"alignment":"Left Align","lock":false,"summaryGroup":false,"summaryAgg":"","summaryCaption":""},{"fieldName":"firstName","name":"firstName","initParentAlias":"ast_CoreContacts_T","alias":"firstName.firstName","displayName":"firstName","fieldType":"java.lang.String","dataType":"VARCHAR","xtype":"textfield","fieldSize":"256","fieldVisible":true,"isSortable":"","fieldWidth":100,"alignment":"Left Align","lock":false,"summaryGroup":false,"summaryAgg":"","summaryCaption":""}]}#appfire#[]#appfire#{"drillDownGrid":[],"qcContext":0}#appfire#[]#appfire#18D01ABF-F632-496A-B379-FC50EDEAB8C0#appfire#2016-01-22#appfire#18D01ABF-F632-496A-B379-FC50EDEAB8C0#appfire#2016-01-22#appfire#1WZWHUGVRU305C4VRU9WA#appfire#1#appfire#ba9dced8-453e-49a3-b627-d497a1f91b17#appfire#1#appfire#1#appfire#{"queryId":"2B33F7F9-0F7E-4B0B-82EE-11E998445AE7","queryJson":{"where":[],"fields":[{"fieldName":"empId","name":"empId","initParentAlias":"ast_Employee_T","alias":"empId.empId","displayName":"empId","fieldType":"java.lang.String","dataType":"VARCHAR","xtype":"textfield","fieldSize":"256"},{"fieldName":"firstName","name":"firstName","initParentAlias":"ast_CoreContacts_T","alias":"firstName.firstName","displayName":"firstName","fieldType":"java.lang.String","dataType":"VARCHAR","xtype":"textfield","fieldSize":"256"}],"inputParams":[{"index":"1","value":"asa","dataType":"VARCHAR","placeHolder":"alias1","alias":"alias1","fieldType":"java.lang.String","displayName":"alias1","name":"alias1","widget":"textfield","attributeName":"","attributeDatatype":""}]},"jpqlQuery":"SELECT employee.`empId`,coreContacts.firstName FROM `ast_Employee_T` AS employee,`ast_CoreContacts_T` AS coreContacts  WHERE   employee.contactId = coreContacts.contactId  AND employee.empId = ?"}#appfire#{"displayType":"0","defaultCColumn":null,"pageSize":20,"isSummaryGrid":0,"qcPosition":"north","checkboxgrid":1,"actionbutton":[{"name":"action","servicename":"EnpFetchSer","serviceid":"5FA50577-DA46-4044-8F3E-F33BB7CC5EF0","serviceUrl":"/EnpFetchSerWS/proEnpFetchSer","serviceOpr":"proEnpFetchSer","operationid":"574ABDE2-3A75-41A7-B90E-E7AC1645C6B4","urlMethod":"POST","primaryKeyField":"empId","id":"extModel2056-1"}],"context":"8BC03713-005A-45B3-A295-ED193356EAEB","calendar":{"calIsCalendar":false,"calSName":"","calDateColumn":null,"calDispColumn":null,"aggregate":[]}}#appfire#{"enableCharts":"on","hour":"","minute":""}#appfire#0#appfire#8BC03713-005A-45B3-A295-ED193356EAEB#appfire#0#appfire#{"interval":"","mapView":{"mapSName":"","mapLatColumn":"","mapLongColumn":"","displayName":""}}